239 239 239 239 239 239 239 239 239 239 239 239 239 239 239 239 239 239 239 239 239 239 239 239 239 239  /1
239 37  39  181 170 239 239 200 181 239 239 239 239 239 239 239 180 239 239 239 180 0   239 239 239 239  /2
239 52  54  196 185 239 239 215 196 239 239 239 239 239 239 239 195 239 239 239 195 15  239 239 239 239  /3
239 239 239 239 152 153 154 155 239 239 239 239 239 17  17  239 239 239 239 239 239 15  239 239 239 239  /4

239 239 239 239 239 239 239 239 239 239 239 239 239 239 239 239 239 239 239 239 239 239 239 239 239 239  /5
239 239 3   239 239 239 239 239 239 239 239 239 239 100 101 239 239 239 239 239 239 239 239 239 239 239  /6
239 17  18  239 239 239 239 239 239 239 239 239 239 115 116 239 239 239 239 239 239 239 239 239 239 239  /7 
239 239 239 239 239 239 239 239 239 239 239 239 239 239 239 239 239 239 239 239 239 239 239 239 239 239  /8
239 239 239 239 239 239 239 239 239 239 239 239 239 239 239 239 239 239 239 239 239 239 239 239 239 239  /9
239 239 239 239 239 239 239 239 239 239 239 239 239 239 239 239 239 239 239 239 239 239 239 239 239 239  /10
239 239 239 239 239 141 239 239 239 239 239 239 239 239 239 239 239 239 239 239 239 239 239 239 239 239  /11
239 239 6   7   8   239 239 239 239 239 142 239 239 100 101 239 239 239 239 239 239 239 239 239 239 239  /12
239 239 21  22  23  239 156 239 239 239 239 239 239 115 116 239 239 239 239 239 239 239 239 239 239 239  /13
239 239 239 239 239 239 239 239 157 239 239 239 239 130 131 239 239 239 239 239 239 239 239 239 239 239  /14
239 239 239 239 239 239 239 239 239 239 239 239 239 145 146 239 239 239 239 239 239 239 239 239 239 239  /15
239 239 239 239 239 239 239 239 239 239 239 239 239 239 239 239 239 239 239 239 239 239 239 239 239 239  /16
239 239 239 239 239 239 239 239 239 239 239 239 239 239 239 239 239 239 239 239 239 239 239 239 239 239  /17
239 239 239 239 239 239 239 239 239 239 239 239 239 239 239 239 239 239 239 239 239 239 239 239 239 239  /18
239 239 239 239 239 239 239 239 239 239 239 36  36  239 239 239 239 239 239 239 239 239 239 239 239 239  /19
239 239 6   7   8   6   7   8   239 239 239 66  66  239 239 239 239 239 239 239 6   7   8   239 239 239  /20
239 239 21  22  23  21  22  23  239 239 239 239 239 239 239 239 239 239 239 239 21  22  23  239 239 239  /21
239 239 239 239 239 239 239 239 239 239 239 239 239 239 239 239 239 239 239 239 239 239 239 239 239 239  /22
239 239 239 239 239 239 239 239 239 239 239 239 239 239 239 239 239 239 239 239 239 239 239 239 239 239  /23
239 239 239 239 239 239 239 239 239 239 239 239 239 239 239 239 239 239 239 239 239 239 239 239 239 239  /24
239 239 239 239 239 239 239 239 239 239 239 239 239 239 239 239 239 239 239 239 239 239 239 239 239 239  /25