95  0   2   152 0   163 164 2   152 0   2   96  95  0   1   2   152 0   1   2   152 0   161 162 96   /1
118 23  25  175 23  186 187 25  175 23  25  119 118 23  24  25  175 23  24  25  175 23  184 185 119  /2
118 46  48  198 46  209 210 48  198 46  48  119 118 46  47  48  198 46  47  48  198 46  207 208 119  /3
118 493 493 221 493 493 493 493 221 493 493 119 118 493 493 493 221 493 493 493 221 493 493 493 119  /4
118 493 493 493 493 493 493 493 493 493 493 119 118 493 493 493 493 493 493 493 493 493 493 493 119  /5
118 493 493 493 493 493 493 493 493 493 493 119 118 493 493 493 493 493 493 493 493 493 493 493 119  /6
118 493 493 493 493 493 493 493 493 493 493 119 118 493 493 493 493 493 493 493 493 493 493 493 119  /7
141 70  70  70  71  493 493 493 493 493 493 119 141 70  70  496 71  493 493 493 69  496 70  70  142  /8

494 494 494 494 118 86  87  493 493 87  88      119 494 494 494 497 118 493 493 493 119 497 494 494 494  /9

494 95  0   1   94  493 493 493 493 493 493     119 95  0   2   152 94  493 493 493 92  152 0   2   96   /10
494 118 23  24  117 493 493 493 493 493 493	119 118 23  25  175 117 493 493 493 115 175 23  25  92   /11
494 118 46  47  140 493 493 493 493 493 493 	119 118 46  48  198 140 493 493 493 138 198 46  48  115  /12
494 118 493 493 493 493 493 493 493 493 493 	119 118 493 493 221 493 493 493 493 493 221 493 493 138  /13
494 118 493 493 493 493 493 493 493 493 493 	119 118 493 493 493 493 493 493 493 493 493 493 493 493  /14
494 118 493 493 493 493 493 493 493 493 493 	119 118 493 493 493 493 493 493 493 493 493 493 493 493  /15
494 118 493 493 493 493 493 493 493 493 493 	119 118 493 493 493 493 493 493 493 493 493 493 493 69   /16

494 118 493 493 493 493 493 493 493 493 493 119 141 70  70  70  70  70  70  70  70  70  70  70  142  /17
494 118 493 493 493 493 493 493 493 493 493 92  1   3   1   3   1   3   1   3   1   1   2   96  494  /18
494 118 493 493 493 493 493 493 493 493 493 115 25  26  331 26  331 26  331 26  23  24  25  119 494  /19
494 118 132 87  88  88  88  88  493 493 134 138 48  49  354 49  354 49  354 49  46  47  48  119 494  /20
494 118 493 493 493 493 493 493 493 493 493 493 493 72  493 72  493 72  493 72  493 493 493 119 494  /21
494 118 493 493 493 493 493 493 493 493 493 493 493 493 493 493 493 493 493 493 493 493 493 119 494  /22
494 118 493 493 493 493 493 493 493 493 493 493 493 493 493 493 493 493 493 493 493 493 493 119 494  /23
494 118 493 493 493 493 493 493 493 493 493 493 493 493 493 493 493 493 493 493 493 493 493 119 494  /24
494 141 70  70  70  70  70  70  70  70  70  70  70  70  70  70  70  70  70  71  493 493 493 119 494  /25


 
























