494 494 494 494 494 494 494 494 494 494 494 494 494 494 494 494 494 494 494 494 494 494 494 494 494  /1
494 494 494 494 494 494 494 494 494 494 494 494 494 494 494 494 494 494 494 494 494 494 494 494 494  /2
494 494 494 494 494 494 494 494 494 494 494 494 494 494 494 494 494 494 494 494 494 494 494 494 494  /3
494 14  15  15  15  15  15  15  15  15  16  494 494 14  15  15  15  15  15  15  15  15  15  16  494  /4
494 37  495 495 495 41  495 495 495 495 106 494 494 108 495 495 495 495 41  495 495 495 495 39  494  /5
494 37  495 41  495 495 495 495 41  495 106 494 494 108 41  495 495 495 495 495 41  495 495 39  494  /6
494 60  61  61  61  85  41  495 495 495 106 494 494 60  61  61  61  85  495 83  61  61  61  62  494  /7
494 494 494 494 494 109 110 22  20  110 111 494 494 494 494 494 494 108 495 106 494 494 494 494 494  /8

494 494 494 494 494 132 87  112 113 87  134	 494 494 494 494 494 494 108 495 106 494 494 494 494 494  /9

494 494 494 494 494 77  77  77  77  77  77	 494 494 494 494 494 494 108 495 106 494 494 494 494 494  /10
494 494 494 494 494 27  28  28  28  28  29	 494 494 494 494 494 494 108 495 106 494 494 494 494 494  /11
494 494 494 494 494 27  283 28  28  283 29	 494 494 494 494 494 494 108 495 106 494 494 494 494 494  /12
494 494 14  15  157 27  28  28  28  28  29	 494 494 14  15  15  15  131 495 129 15  15  15  16  494  /13
494 494 37  38  42  50  51  51  51  51  52	 494 494 37  495 41  495 495 495 495 41  495 495 129 15   /14
494 494 37  495 66  67  67  112 113 67  18	 494 494 37  495 495 495 495 41  495 495 495 495 83  61   /15
494 494 37  41  495 495 495 495 495 38  39 	 494 494 60  84  84  84  84  84  84  84  84  84  62  494  /16 

494 494 37  495 495 38  495 495 495 495 39  494 494 494 494 494 494 494 494 494 494 494 494 494 494  /17
494 494 37  495 41  495 495 495 495 41  39  494 494 494 494 494 494 494 494 494 494 494 494 494 494  /18
494 494 109 64  64  64  64  64  22  20  111 494 494 494 494 494 494 494 494 494 494 494 494 494 494  /19
494 494 494 494 494 494 494 494 112 113 494 494 494 494 494 494 494 494 494 494 494 494 494 494 494  /20
                                                                            
494 494 4   5   5   5   5   5   5   5   5   5   5   5   5   5   5   5   5   5   5   5   6   494 494  /21
494 494 27  28  237 238 28  28  28  28  28  28  28  28  28  28  28  28  28  28  28  28  29  494 494  /22
494 494 27  28  260 261 28  28  28  28  28  28  28  28  28  28  28  28  28  28  28  28  29  494 494  /22
494 494 50  51  51  51  51  51  51  51  51  51  51  51  51  51  51  51  51  51  9   28  29  494 494  /24
494 494 494 494 494 494 494 494 494 494 494 494 494 494 494 494 494 494 494 494 32  28  29  494 494  /25


















